(( 44077.1 39000 39809.3 395.5 271900 47.2 7.3 191 41 296 174 7.3 84 63 200 126 7.2 10 6.8 64 9 260 1625 1290 14.55 ))
(( 38669.4 38102.6 39757.2 385.1 261890 43.7 ? ? ? 282 ? ? ? ? 220 ? ? ? ? 26 ? 240 1781 1368 15.84 ))
(( 33363.8 32841.2 39712.7 437 248260 43.2 7.3 116 99 282 123 7.3 55 39 158 66 7.2 7.6 5.6 20 7 200 1358 1046 14.57 ))
(( 44189.4 39000 39677.4 465.3 275820 45.2 7.4 360 265 616 316 7.3 98 70 224 155 7.4 13.6 10.1 29.3 9.7 180 1625 1254 11.32 ))
(( 47874.5 39000 39901.3 427.5 278890 46.5 7.2 126 96 365 225 7.2 88 63 250 121 7.1 12.4 4.4 27 14 180 1643 1263 13.46 ))
(( 44007.2 39000 39867.6 384.6 226370 45.2 7.3 165 133 368 210 7.1 110 73 258 125 7.2 4.8 4 56 14 190 1782 1371 16.47 ))
(( 42655.4 39000 34988.3 383.6 230060 43.7 7.3 167 122 414 142 7.1 78 49 211 92 7.1 9.2 5.2 26 12 190 1681 1263 13.92 ))
(( 45192.3 39000 41331.6 429 229610 46.8 7.2 82 60 255 148 7.2 82 60 255 148 7.2 9.2 6.8 80 51 180 1672 1284 13.59 ))
(( 38320 37752 40038 415.6 199640 44.2 ? ? ? 317 ? ? ? ? 167 ? ? ? ? 57 ? 200 1981 1526 15 ))
(( 36415.6 35866.6 40795.5 401.7 206780 42.3 7.4 198 89 256 145 7.3 92 67 170 76 7.2 10 7 65 9 190 ? ? ? ))
(( 37869.4 37348.9 41170.4 404.2 191000 44.3 7.2 152 119 264 140 7.2 55 45 158 61 7 14 10.8 89 11 175 1564 1216 12.26 ))
(( 41803.1 39000 38262.9 369.3 211020 45.1 7.6 300 195 413 177 7.6 95 66 228 119 7.4 26.4 20.8 62 25 170 1900 1469 11.36 ))
(( 44183.4 39000 39076.7 446.9 190160 45.1 7.6 153 92 225 112 7.6 98 54 179 85 7.4 8.4 7.2 10 6 160 1768 1343 13.82 ))
(( 42932.8 39000 39459 381.9 227410 47.1 7.4 204 160 342 123 7.4 82 59 157 97 7.2 17.6 13.6 20 12 150 1848 1372 13.45 ))
(( 47578.5 39000 41421 441.7 223950 47.5 7.3 144 106 317 171 7.3 88 56 194 93 7.2 24.4 18 35 14 160 1916 1420 11.1 ))
(( 41480.1 39000 40980.5 423 224570 45.9 ? ? ? 282 ? ? ? ? 211 ? ? ? ? 44 ? 160 1989 1468 9.05 ))
(( 40607 39000 41931.3 397.7 212843 42.4 7.5 129 101 282 142 7.3 63 50 141 64 7.4 59.2 48 70 34 140 1482 1114 5.88 ))
(( 36870.1 36292.1 29038.1 392.7 160550 17.5 7.5 245 94 235 138 7.5 124 59 227 130 7.1 73.7 52.7 81.3 38 110 1490 1124 5.16 ))
(( 48168.2 39000 40671.3 352.6 218440 0 7.4 124 74 246 103 7.3 98 53 228 150 7 15.6 8.8 62 22 100 1640 1110 12.34 ))
(( 50024.6 39000 42554.5 432.5 219080 0 7.8 111 86 296 149 7.8 89 66 235 144 7.6 12 8 26 21 120 1828 1255 11.85 ))
(( 48650 39000 41766 385.9 263090 0 7.5 154 115 335 257 7.5 90 64 270 160 7.5 33.2 24.4 74 35 130 1877 1310 9.48 ))
(( 46820 39000 41638 385.9 288510 0 7.5 168 133 1579 987 7.6 95 72 287 168 7.5 14 7.6 45 18 155 1886 1327 12.86 ))
(( 43490 39000 43729 415.6 308130 0 ? ? ? 263 ? ? ? ? 244 ? ? ? ? 63 ? 190 1884 1375 11.95 ))
(( 38731 38072 41360.1 428.8 299740 0 7.7 128 102 217 91 7.7 91 67 235 111 7.6 16.4 11.6 18 14 210 1922 1424 11.09 ))
(( 43844.5 39000 41624.1 388.6 299350 0 7.7 185 155 438 230 7.7 90 65 375 240 7.4 15.9 12.5 54.7 13.7 150 1832 1369 11.92 ))
(( 44520 39000 41911 385.9 291290 21.5 7.6 165 139 457 198 7.6 70 57 302 124 7.5 43.2 34 55 41 160 1930 1470 8.91 ))
(( 44490 39000 41476 385.9 288690 47.8 7.7 188 155 439 203 7.7 103 79 283 124 7.4 20 18.4 36 23 140 1897 1466 11.86 ))
(( 44236.4 39000 41641.4 384.6 289530 45.8 7.8 176 142 359 176 7.6 86 65 206 110 7.7 12 9.6 27 10 170 2190 1682 15.05 ))
(( 43467.9 39000 42424.2 430.8 266100 47.4 7.5 225 179 1279 198 7.5 98 76 290 120 7.4 16 13.6 44 15 170 2178 1665 12.02 ))
(( 41524.2 39000 41165.9 387.3 283480 45.6 ? ? ? 323 ? ? ? ? 314 ? ? ? ? 98 ? 190 2491 1912 15.09 ))
(( 38385.1 37781.5 41363.2 397 275130 41.3 7.7 117 97 296 134 7.7 65 50 197 102 7.6 23.6 16 63 14 170 2082 1640 11.18 ))
(( 45147.3 39000 41953.7 395.5 276880 45.8 7.7 225 172 435 185 7.7 91 75 311 116 ? ? ? ? ? 150 2175 1684 13.19 ))
(( 44908.1 39000 41497.8 412.7 292880 44.7 7.5 170 135 475 147 7.5 83 65 247 98 7.4 14 11.6 27 8 135 2164 1661 15.34 ))
(( 47239.2 39000 42424.6 398.6 270400 54.2 7.7 178 136 402 ? 7.5 95 74 256 256 7.4 12.4 8 18 18 140 2180 1683 14.85 ))
(( 46487.2 39000 41369.7 353.8 287910 51.9 7.6 171 140 475 ? 7.6 74 57 214 ? 7.4 10.4 9.2 28 ? 130 2175 1687 16.19 ))
(( 45177.9 39000 41666.2 389.4 286050 51.4 7.6 167 141 371 222 7.5 86 63 208 144 7.3 12.8 8.4 27 11 130 2134 1658 14.64 ))
(( 41934.4 39000 41572.7 384.6 276800 44.1 ? ? ? 308 ? ? ? ? 208 ? ? ? ? 27 ? 130 2221 1715 17.07 ))
(( 37110.9 36555 39968.9 407.1 248720 41.3 7.6 131 105 335 189 7.6 55 41 200 100 7.4 10 7.6 36 10 150 2142 1660 14.81 ))
(( 42753.1 39000 41086.7 412.7 280970 51.6 7.6 213 169 498 244 7.6 74 56 244 117 ? ? ? ? ? 140 2140 1664 13.86 ))
(( 43769.9 39000 41988 392.7 288780 52 7.7 195 156 421 203 7.6 88 68 296 137 7.3 16.4 15.2 45 21 140 2113 1654 13.55 ))
(( 46031.1 39000 43246.6 395.5 286760 54.1 ? ? ? 493 ? ? ? ? 340 ? ? ? ? 161 ? 150 2260 1767 13.68 ))
(( 39181 39000 40112.7 401.3 245920 46 7.6 167 133 430 104 7.6 68 49 233 57 7.4 16.4 14 44 11 160 2122 1654 12.51 ))
(( 46565.5 39000 42070.1 327.6 219640 48.6 7.6 120 83 270 138 7.6 75 53 260 100 7.4 11.6 10.8 134 11 140 1961 1515 15.23 ))
(( 42735.2 39000 42751.3 420 267210 43.1 ? ? ? 350 ? ? ? ? 242 ? ? ? ? 35 ? 160 2209 1698 15.11 ))
(( 37287 36745.2 39989.7 400.8 262470 41.9 7.7 96 79 287 124 7.6 54 38 152 77 7.4 12 9.6 80 10 160 2014 1534 14.45 ))
(( 44495.5 39000 42908 414.2 282370 50.3 7.7 176 139 426 155 7.6 71 56 168 100 ? ? ? ? ? 150 1952 1508 12.3 ))
(( 43575.2 39000 41006.5 391.4 295340 54.3 7.8 217 160 408 146 7.7 78 60 222 116 7.5 18.8 15.6 20 14 150 2053 1583 12.06 ))
(( 44495 39000 41332.1 492.1 284600 54.3 7.7 160 134 402 212 7.7 95 76 292 173 7.5 15.2 12.4 45 19 160 1925 1494 11.51 ))
(( 44659.1 39000 42897.7 566.2 306490 51.8 7.7 203 162 332 ? 7.7 80 61 233 128 7.4 17.2 13.6 30 11 180 1957 1527 9.76 ))
(( 48570.8 39000 45197.1 594.2 275180 52.7 7.7 251 187 503 245 7.7 78 57 228 130 7.4 12.8 12 100 16 200 2008 1570 10.19 ))
(( 42177.1 39000 42710.4 530.7 276310 52.9 ? ? ? 570 ? ? ? ? 235 ? ? ? ? 72 ? 210 1963 1532 12.07 ))
(( 39120.8 39000 42168.9 560.6 249320 51.2 7.8 253 193 416 250 7.8 62 46 172 79 7.5 14 10.8 63 14 230 1894 1498 11.05 ))
(( 48704.9 39000 45525.3 567.9 269500 53.7 7.7 292 230 548 ? 7.7 86 63 201 ? ? ? ? ? ? 230 1858 1452 10.68 ))
(( 46490 39000 43116 564 290670 54.2 7.5 183 142 789 190 7.5 69 50 244 84 7.5 12 9 36 10 200 1710 1335 9.34 ))
(( 48562.8 39000 44302.3 524.1 274890 55.8 7.6 284 224 525 ? 7.6 91 75 253 111 7.4 24 20.8 45 17 210 1702 1334 8.8 ))
(( 46800 39000 43135 564 276060 54 7.5 330 250 601 305 7.4 77 57 305 135 7.4 31.2 24.8 63 34 190 1680 1308 7.42 ))
(( 46950 39000 43599 564 299550 53.1 7.7 341 273 640 256 7.5 89 77 275 165 7.4 19.2 14.8 53 28 220 1730 1338 9.02 ))
(( 43390 39000 43664 534.4 289280 45.2 ? ? ? 586 ? ? ? ? 275 ? ? ? ? 44 ? 240 1775 1375 11 ))
(( 39246.7 39000 42213.5 557.6 312510 41.6 7.7 310 230 586 252 7.6 84 63 186 97 7.4 18.4 15.6 20 19 190 1290 1020 9.33 ))
(( 44018.5 39000 43986.2 1080 313080 52.8 7.5 290 214 530 253 7.5 94 75 256 128 ? ? ? ? ? 140 1302 1023 5.11 ))
(( 47340 39000 40994 802 269731 ? ? ? ? 627 ? ? ? ? 266 ? ? ? ? 66 ? 250 1466 1142 6.89 ))
(( 41177 39000 43351.5 532.5 305550 51.1 7.6 244 194 513 375 7.6 81 63 218 146 7.7 15 14 95 10 240 1516 1174 9.09 ))
(( 41111.1 39000 42448.9 527.8 331990 51.8 7.4 352 286 ? ? 7.4 73 59 ? ? 7.2 18 16 ? ? 280 1768 1336 10.72 ))
(( 44818.6 39000 44568.6 563.4 299520 57.9 7.7 360 278 646 320 7.6 100 75 269 124 7.3 20 17.6 36 12 280 1725 1342 10.03 ))
(( 43322.6 39000 44288.7 545.7 319850 46.7 ? ? ? 543 ? ? ? ? 389 ? ? ? ? 87 ? 380 2015 1554 13.11 ))
(( 37003.1 36500.2 42670.4 555.9 302740 45.8 7.3 265 213 534 234 7.4 106 81 307 164 7.1 14 20.4 63 22 440 2028 1574 11.66 ))
(( 40803.4 39000 43581.7 538.1 212630 57.5 7.7 194 153 643 204 7.7 141 116 353 217 7.6 8.7 6.5 39 13.7 310 2226 1739 14.41 ))
(( 43360 39000 42823 534.4 221750 55.3 7.5 196 157 358 374 7.5 117 87 332 ? 7.3 16.4 12 36 18 600 2344 1847 13.85 ))
(( 45910.6 39000 45516.4 570 281170 55.6 7.4 145 133 439 ? 7.3 102 72 329 156 7.2 11 6 18 ? 640 2370 2004 14.95 ))
(( 40979.1 39000 42795.2 531.7 367840 55.2 7.4 203 168 444 195 7.4 101 71 284 146 7.2 40.4 34 76 40 460 1669 1250 7.48 ))
(( 44088.8 39000 49527 534.4 322250 60.2 7.4 288 235 ? 262 7.3 94 73 ? 158 7.3 25.6 20.4 ? 28 340 1677 1293 9.35 ))
(( 40041.9 39000 43246.7 560.2 330750 46 ? ? ? 510 ? ? ? ? 211 ? ? ? ? 79 ? 400 1760 1377 10.2 ))
(( 41225.1 39000 42004.1 542.8 262450 46.4 7.8 372 270 528 284 7.8 68 49 220 125 7.7 11.6 6.4 70 10 510 1970 1552 13.38 ))
(( 43900 39000 43304 564 221200 55.9 7.7 216 158 480 250 7.5 98 68 226 136 7.3 11.3 8.5 27 17.3 480 1994 1558 12.96 ))
(( 43556.3 39000 42938.7 558.2 218420 56.9 7.6 232 168 448 203 7.5 89 69 233 142 7.5 24 18 27 22 370 1735 1349 9.28 ))
(( 43580.6 39000 42520.1 519.1 156320 53.7 7.4 322 242 547 381 7.3 98 71 242 146 7.3 22.4 14.8 54 35 160 1538 185 9.29 ))
(( 46001.4 39000 41711.8 554.4 195660 40.3 7.4 356 292 543 315 7.4 92 71 262 159 7.4 16.8 14 54 45 150 1541 1186 9.99 ))
(( 44495.5 39000 42968.8 532.5 205550 57.9 7.6 412 314 706 308 7.5 108 78 244 122 7.6 13.2 10.4 54 20 140 1662 1304 10.91 ))
(( 40226.1 39000 42440.3 526.6 217500 49.4 ? ? ? 770 ? ? ? ? 244 ? ? ? ? 27 ? 170 1927 1422 14.8 ))
(( 37459.1 36978.4 42193.9 537.9 208860 47.4 7.3 314 240 489 285 7.3 76 58 226 120 7.4 7.2 6.8 45 9 180 1590 1250 ? ))
(( 39131.7 39000 43176.8 568 209170 56.4 7.4 382 304 808 641 7.3 108 92 293 224 7.4 9.9 7.9 35.3 10 240 1679 1322 10.69 ))
(( 44008.4 39000 43300 540 210710 54.8 7.3 462 336 889 370 7.3 128 92 334 180 7.4 21.2 13.2 62 28 390 1782 1409 10.1 ))
(( 46946.1 39000 43395.1 960.3 193010 56.9 7.5 234 146 438 190 7.4 126 86 265 151 7.5 14.8 12.8 20 15 280 1836 1432 6.54 ))
(( 41430.6 39000 42732.2 530.9 185410 58.4 7.4 152 122 429 177 7.2 100 74 265 155 7.2 11.2 6.8 27 12 280 1596 1233 10.1 ))
(( 44896 39000 44199.5 538.3 196250 55.7 7.5 280 220 625 341 7.4 116 78 253 172 7.6 16.8 10.4 ? 13 380 1785 1380 10.66 ))
(( 42246.5 39000 43490.9 548.8 171080 46.2 ? ? ? 206 ? ? ? ? ? ? ? ? ? 35 ? 370 1758 1343 11.03 ))
(( 43422.3 39000 42292.5 545.1 124120 51.9 7.5 150 85 287 126 7.6 61 31 143 103 7.7 12 8.4 27 12 370 1606 1236 11.79 ))
(( 44213.5 39000 44688.2 536.2 156920 58.7 7.6 157 118 344 156 7.5 101 72 217 121 7.5 11.2 8.1 36 13 556 1761 1324 11.2 ))
(( 43820 39000 43261 564 175730 59.7 7.6 181 146 425 165 7.5 93 62 280 120 7.5 14.8 11.2 72 15 560 1840 1399 9.64 ))
(( 48080 39000 44952 542.8 176060 57.4 7.5 235 174 503 218 7.3 103 75 292 160 7.2 20.4 15.2 54 24 510 1886 1436 8.9 ))
(( 42426.7 39000 41946.7 527.8 207060 53.7 7.4 207 155 439 273 7.2 92 67 206 147 7.4 35.6 26.4 35 20 390 1960 1512 7.87 ))
(( 41177 39000 43351.5 532.5 305550 58.6 7.6 244 194 513 375 7.6 81 63 218 146 7.7 15 14 95 10 240 1516 1174 9.09 ))
(( 41111.1 39000 42448.9 527.8 331990 44.1 7.4 352 286 ? ? 7.4 73 59 ? ? 7.2 18 16 ? ? 280 1768 1336 10.72 ))
(( 44818.6 39000 44568.6 563.4 299520 44.1 7.7 360 278 646 320 7.6 100 75 269 124 7.3 20 17.6 36 12 280 1725 1342 10.03 ))
(( 43322.6 39000 44288.7 545.7 319850 47.2 ? ? ? 543 ? ? ? ? 389 ? ? ? ? 87 ? 380 2015 1554 13.11 ))
(( 37003.1 36500.2 42670.4 555.9 302740 51.4 7.3 265 213 534 234 7.4 106 81 307 164 7.1 14 20.4 63 22 440 2028 1574 11.66 ))
(( 40803.4 39000 43581.7 538.1 212630 38.9 7.7 194 153 643 204 7.7 141 116 353 217 7.6 8.7 6.5 39 13.7 310 2226 1739 14.41 ))
(( 43360 39000 42823 534.4 221750 43 7.5 196 157 358 374 7.5 117 87 332 ? 7.3 16.4 12 36 18 600 2344 1847 13.85 ))
(( 45910.6 39000 45516.4 570 281170 47.9 7.4 145 133 439 ? 7.3 102 72 329 156 7.2 11 6 18 ? 640 2370 2004 14.95 ))
(( 40979.1 39000 42795.2 531.7 367840 47.3 7.4 203 168 444 195 7.4 101 71 284 146 7.2 40.4 34 76 40 460 1669 1250 7.48 ))
(( 44088.8 39000 49527 534.4 322250 46.4 7.4 288 235 ? 262 7.3 94 73 ? 158 7.3 25.6 20.4 ? 28 340 1677 1293 9.35 ))
(( 40041.9 39000 43246.7 560.2 330750 47.9 ? ? ? 510 ? ? ? ? 211 ? ? ? ? 79 ? 400 1760 1377 10.2 ))
(( 41225.1 39000 42004.1 542.8 262450 47.9 7.8 372 270 528 284 7.8 68 49 220 125 7.7 11.6 6.4 70 10 510 1970 1552 13.38 ))
(( 43900 39000 43304 564 221200 56.8 7.7 216 158 480 250 7.5 98 68 226 136 7.3 11.3 8.5 27 17.3 480 1994 1558 12.96 ))
(( 43556.3 39000 42938.7 558.2 218420 45.6 7.6 232 168 448 203 7.5 89 69 233 142 7.5 24 18 27 22 370 1735 1349 9.28 ))
(( 43580.6 39000 42520.1 519.1 156320 47.5 7.4 322 242 547 381 7.3 98 71 242 146 7.3 22.4 14.8 54 35 160 1538 185 9.29 ))
(( 46001.4 39000 41711.8 554.4 195660 49.8 7.4 356 292 543 315 7.4 92 71 262 159 7.4 16.8 14 54 45 150 1541 1186 9.99 ))
(( 44495.5 39000 42968.8 532.5 205550 42.2 7.6 412 314 706 308 7.5 108 78 244 122 7.6 13.2 10.4 54 20 140 1662 1304 10.91 ))
(( 40226.1 39000 42440.3 526.6 217500 45.2 ? ? ? 770 ? ? ? ? 244 ? ? ? ? 27 ? 170 1927 1422 14.8 ))
(( 37459.1 36978.4 42193.9 537.9 208860 49.6 7.3 314 240 489 285 7.3 76 58 226 120 7.4 7.2 6.8 45 9 180 1590 1250 ? ))
(( 39131.7 39000 43176.8 568 209170 47.3 7.4 382 304 808 641 7.3 108 92 293 224 7.4 9.9 7.9 35.3 10 240 1679 1322 10.69 ))
(( 44008.4 39000 43300 540 210710 45.5 7.3 462 336 889 370 7.3 128 92 334 180 7.4 21.2 13.2 62 28 390 1782 1409 10.1 ))
(( 46946.1 39000 43395.1 960.3 193010 53.4 7.5 234 146 438 190 7.4 126 86 265 151 7.5 14.8 12.8 20 15 280 1836 1432 6.54 ))
(( 41430.6 39000 42732.2 530.9 185410 49.5 7.4 152 122 429 177 7.2 100 74 265 155 7.2 11.2 6.8 27 12 280 1596 1233 10.1 ))
(( 44896 39000 44199.5 538.3 196250 48.4 7.5 280 220 625 341 7.4 116 78 253 172 7.6 16.8 10.4 ? 13 380 1785 1380 10.66 ))
(( 42246.5 39000 43490.9 548.8 171080 0 ? ? ? 206 ? ? ? ? ? ? ? ? ? 35 ? 370 1758 1343 11.03 ))
(( 43422.3 39000 42292.5 545.1 124120 0 7.5 150 85 287 126 7.6 61 31 143 103 7.7 12 8.4 27 12 370 1606 1236 11.79 ))
(( 44213.5 39000 44688.2 536.2 156920 0 7.6 157 118 344 156 7.5 101 72 217 121 7.5 11.2 8.1 36 13 556 1761 1324 11.2 ))
(( 43820 39000 43261 564 175730 0 7.6 181 146 425 165 7.5 93 62 280 120 7.5 14.8 11.2 72 15 560 1840 1399 9.64 ))
(( 48080 39000 44952 542.8 176060 0 7.5 235 174 503 218 7.3 103 75 292 160 7.2 20.4 15.2 54 24 510 1886 1436 8.9 ))
(( 42426.7 39000 41946.7 527.8 207060 0 7.4 207 155 439 273 7.2 92 67 206 147 7.4 35.6 26.4 35 20 390 1960 1512 7.87 ))
(( ? ? ? ? ? ? ? ? ? ? ? ? ? ? ? ? ? ? ? ? ? ? ? ? ? ))
(( 35285 34782.5 40935.3 495.4 241241 48 7.6 129 99 278 177 7.5 85 58 179 101 7.3 9.6 8 20 13 150 1492 1158 11.23 ))
(( 41296.6 39000 41096.3 501.3 270891 52 7.6 297 239 462 254 7.6 108 82 280 165 7.4 9.6 8 27 15 170 1840 1429 13.2 ))
(( 40147 39000 41169.8 500.7 278141 48.5 7.7 252 198 509 152 7.7 110 83 373 150 7.4 10.4 8.8 32 16 170 1893 1472 13 ))
(( 41227.4 39000 40636.6 498.1 286051 43.7 7.6 187 154 581 282 7.6 98 75 355 194 7.3 11.2 8.8 34 21 170 1873 1451 12.54 ))
(( 39776.8 39000 41193.2 505.3 274071 52 ? ? ? 423 ? ? ? ? 298 ? ? ? ? 26 ? 170 1880 1462 16.48 ))
(( 37860.7 37385 40633.9 496.2 225601 48.2 ? ? ? 756 ? ? ? ? 227 ? ? ? ? 26 ? 180 ? ? ? ))
(( 37139.8 36641.7 42228.1 516.9 251991 53.2 7.6 133 94 327 74 7.6 87 68 246 36 7.5 13.6 6.4 28 2 180 1604 1250 11.2 ))
(( 39780.6 39000 38916.6 475.8 304351 62.9 7.6 175 135 506 179 7.5 95 72 341 118 7.4 12 8 30 12 170 1734 1358 13.13 ))
(( 47392.1 39000 42601.8 521.5 253571 53.2 7.6 274 202 568 183 7.5 91 66 251 101 7.3 8 5.2 30 13 180 1853 1356 12.07 ))
(( 40658.3 39000 34589.3 389.5 177711 56.2 7.8 114 61 270 78 7.6 64 34 102 40 7.7 3.2 1.8 46 5 190 2049 1572 15.47 ))
(( 49436.6 39000 41088.7 508.1 236471 57.9 7.9 147 116 329 ? 7.7 69 47 228 ? 7.6 8 6.4 91 ? 180 1800 1370 13.54 ))
(( 48215.5 39000 40658 509.4 202811 52.1 7.7 184 91 237 ? 7.5 106 61 192 ? 7.3 8 6.8 36 ? 180 1813 1364 13.21 ))
(( 43367.7 39000 38204.4 483.3 228071 52.8 ? ? ? 292 ? ? ? ? 201 ? ? ? ? 36 ? 200 2070 1374 28.84 ))
(( 43820.8 39000 39600.5 493.6 231941 48.7 7.7 110 80 311 102 7.6 73 51 173 90 7.4 8.4 5.6 20 5 180 1528 1138 12.62 ))
(( 48898.5 39000 41138.9 515.5 264791 54.2 7.8 195 148 511 144 7.4 88 64 260 82 7.4 12 8.4 58 21 190 1687 1270 11.43 ))
(( 45191.6 39000 40299.5 498.9 271511 56.1 7.7 177 134 440 100 7.6 85 63 229 96 7.4 6.8 5.6 18 8 200 1876 1418 13.87 ))
(( 45761.2 39000 40602.7 494.2 283351 25.7 7.6 156 126 413 129 7.6 85 64 237 105 7.4 8 5.6 17 11 200 1758 1339 12.46 ))
(( 42952.9 39000 39027.3 471.4 295701 89.8 7.7 167 136 341 195 7.5 85 65 267 117 7.4 6.4 4.8 55 13 210 1917 1456 16.75 ))
(( 47969 39000 41067.4 503.7 304571 57.6 7.6 178 144 547 353 7.6 84 62 270 160 7.5 5.2 4.4 36 24 200 1906 1453 15.15 ))
(( 44395.1 39000 40526.7 495.7 311091 50.6 ? ? ? 402 ? ? ? ? 237 ? ? ? ? 64 ? 220 2139 1637 18.21 ))
(( 41032.6 39000 39969.6 497.8 260041 50.1 7.7 164 128 393 ? 7.6 69 47 228 ? 7.6 5.2 3.6 20 ? 210 1498 1142 10.87 ))
(( 48700 39000 40222 500 274601 53.2 7.6 215 165 475 181 7.5 118 91 237 155 7.5 7.8 6.5 54 13 210 1944 1502 13.59 ))
(( 46318.3 39000 40232.6 499.5 261951 56.7 7.5 187 137 329 109 7.5 85 61 274 68 7.3 6 5.2 55 6 220 1711 1317 13.03 ))
(( 30607.1 30151.9 27348.7 189.7 150481 45.2 ? ? ? ? ? ? ? ? ? ? ? ? ? ? ? 230 1913 1468 34.37 ))
(( 48328 39000 39233.9 492.9 234441 55.5 7.7 135 91 291 104 7.5 136 53 141 65 7.4 4.8 1.6 47 7 210 1864 1435 13.37 ))
(( 50500.5 39000 41233.1 515.7 256701 42.8 7.6 114 92 1000 768 7.6 112 83 329 72 7.5 6.8 5.6 55 16 196 1674 1252 14.2 ))
(( 47701.3 39000 40074.3 501.5 283561 46.1 ? ? ? 290 ? ? ? ? 208 ? ? ? ? 27 ? 240 2230 1710 17.44 ))
(( 44949.5 39000 39037.9 492.6 252301 34.6 7.6 121 76 235 103 7.5 60 42 145 71 7.6 3.6 3 10 4 240 1754 1300 12.55 ))
(( 34360 33898 26218 188 162281 56.4 7.7 62 30 100 98 7.5 62 30 100 46 7.5 10 7 30 7 233 1949 1470 25.27 ))
(( 20500 19883 18065 0 129841 13 7.6 313 37 27 ? 7.7 98 20 27 ? 7.2 8 4 9 ? 383 2589 1874 225.67 ))
(( 22752 21964.4 18091.9 0 119971 ? 7.5 91 19 64 ? 7.7 46 13 36 ? 7.2 6.4 3.6 18 ? 383 2908 1959 286.82 ))
(( 23541.3 22755.6 17932.6 0 125871 0 7.5 136 35 53 ? 7.6 49 14 62 ? 7.4 8 3.6 10 ? 310 2718 1807 207.01 ))
(( 22883.1 22046 18343.5 0 96451 0 7.3 93 37 157 ? 7.3 67 42 92 ? 7.3 6.4 2.8 9 ? 320 3134 2005 307.97 ))
(( 22043.5 21256.2 18205.8 0 121691 0 ? ? ? 180 ? ? ? ? 161 ? ? ? ? 19 ? 330 3294 2100 179.76 ))
(( 23662.9 22891 18150.3 0 143151 0 7.6 77 51 180 73 7.7 40 30 152 54 7.6 5.2 4 66 5 310 2936 1878 341.99 ))
(( 46080 39000 36195.7 337.7 178111 29.5 7.5 128 81 258 69 7.4 97 60 175 80 7.5 9.3 6.9 43 7 280 2978 1921 17.46 ))
(( 52255.8 39000 40182.1 510.1 193251 47.3 7.4 131 91 290 194 7.4 68 47 90 75 7.2 24.4 16.8 36 20 260 2650 1720 10.45 ))
(( 52380.6 39000 39499.2 443.3 240541 48.1 7.4 261 118 347 121 7.3 91 55 155 80 7.3 9.6 6.4 18 6 220 2380 1570 13.49 ))
(( 51820.1 39000 39860.6 496.3 214171 51 7.6 164 112 258 134 7.5 68 44 156 67 7.2 7.6 7.2 27 10 210 2321 1554 12.81 ))
(( 54088.6 39000 40604.7 516.2 181621 50.1 7.6 162 111 292 156 7.4 76 53 210 91 7.3 6.4 3.2 27 18 210 2476 1675 14.13 ))
(( 50644.2 50043.2 40249.2 509.2 219561 47.8 ? ? ? 242 ? ? ? ? 196 ? ? ? ? 46 ? 210 2514 1699 16.41 ))
(( 47100.2 46498.9 38932.4 496.6 215971 44.6 7.5 111 84 261 120 7.5 58 43 177 58 7.3 4.4 3.2 37 8 210 2050 1410 10.85 ))
(( 52882.6 52244.6 40890.8 518.2 198451 47 7.3 168 121 387 165 7.2 74 52 221 108 7.5 12.8 8.2 60 21 210 2320 1606 12.36 ))
(( 48480 47884.4 37792.4 620.7 202271 45.6 7.5 209 164 453 197 7.5 72 51 226 90 7.4 10.8 8.4 63 21 210 2218 1559 10.78 ))
(( 49474.6 48885.1 39959.8 678.9 258081 53.4 7.6 134 108 292 77 7.4 90 59 237 38 7.3 10.8 8 64 20 190 1907 1364 8.79 ))
(( 48352.1 47759.2 40287.1 677.6 224771 47.4 7.7 136 109 417 200 7.5 78 62 213 114 7.5 10.4 7.2 62 26 210 2088 1505 8.6 ))
(( 47170 46570 40123 688 219791 52 7.7 129 107 466 122 7.7 56 40 210 56 7.7 9.2 6.4 46 22 230 2194 1607 8.91 ))
(( 45896.2 45293.6 39840 679.1 229331 38.8 ? ? ? 287 ? ? ? ? 206 ? ? ? ? 18 ? 270 2457 1772 11.97 ))
(( 43846.5 43258.8 39234.6 675.9 209991 47.8 7.4 97 82 260 126 7.4 60 45 152 79 7.3 9.2 6.5 45 23 210 1734 1290 8.77 ))
(( 47388.2 46779.7 40625.2 693.6 215231 28.1 7.7 222 157 498 219 7.6 88 57 222 113 7.4 19.4 10.1 38 21 230 1937 1434 8.49 ))
(( 47170 46571 40441 685 224691 50 7.7 177 131 402 182 7.6 96 61 291 75 7.6 32.4 23.6 85 39 240 1920 1425 6.87 ))
(( 46349.1 45740.2 40227.3 689.6 232041 46 7.8 128 93 296 150 7.7 82 60 197 88 7.7 27.6 19.6 24 18 250 1870 1402 7.03 ))
(( 45345.1 44736.3 40085.6 679.3 236581 29.9 7.4 172 137 429 114 7.3 95 69 310 77 7.3 40.4 32 128 40 260 1783 1343 6 ))
(( 46850.1 46242.5 40812.7 696.3 224181 40.6 7.6 165 130 296 185 7.5 95 72 206 122 7.5 14.8 12 27 23 280 1800 1350 8.02 ))
(( 43499 42898 40356.9 689.6 248051 38.9 ? ? ? 338 ? ? ? ? 246 ? ? ? ? 55 ? 430 2190 1646 12.94 ))
(( 42655.1 42058.7 39964.9 682.1 222171 42.7 7.7 174 118 393 216 7.6 102 72 210 105 7.5 8 6.4 30 19 335 1640 1258 7.82 ))
(( 46391.1 45783 40775.6 687.4 220731 49 7.4 122 93 384 155 7.3 81 56 225 71 7.4 20 18 32 25 300 1924 1459 7.84 ))
(( 44455.1 43865.5 40149.7 686.9 235711 54.6 7.6 209 166 421 265 7.6 91 65 233 100 7.5 10.4 8.8 45 22 300 1946 1334 9.12 ))
(( 43867.7 43268.8 40397.7 680.6 326971 51.8 7.7 182 145 435 198 7.6 89 61 226 92 7.6 30 20 54 23 310 1966 1513 6.68 ))
(( 35033.4 34652.7 40260.8 684.5 239541 47.6 7.7 525 213 414 220 7.6 91 64 238 115 7.6 9.2 7 53 25 340 2140 1640 10.29 ))
(( 43711 39000 42456.8 723.5 211421 42.5 7.7 211 156 444 200 7.6 99 79 311 137 7.7 13.2 9.6 44 19 410 2274 1736 9.12 ))
(( 41380 39000 40937 688 247461 39.3 ? ? ? 320 ? ? ? ? 204 ? ? ? ? 44 ? 420 2224 1695 11.35 ))
(( 38429.7 37840.3 40040 682.1 244381 40.3 7.8 150 117 311 155 7.7 67 52 177 80 7.7 10 8.4 53 13 360 1670 1276 8.91 ))
(( 44110.5 39000 40459.5 685.9 243831 40.3 7.9 199 165 521 205 7.9 80 60 256 142 7.9 38 29 100 43 340 1819 1388 6.78 ))
(( 45758.9 39000 42064.1 712.5 241101 48.4 7.9 228 163 405 154 7.8 82 61 264 70 7.8 26.8 23.2 62 19 310 1749 1348 7.27 ))
(( 47033.3 39000 41087.7 692.4 152771 55.2 7.7 248 171 380 142 7.6 79 56 181 87 7.8 19.2 15.6 78 25 330 1801 1378 8.02 ))
(( 45674.4 39000 41399 692.6 205451 57.4 7.8 146 112 395 142 7.6 73 48 247 85 7.6 15.6 10.4 62 24 280 1654 1276 6.9 ))
(( 48044.7 39000 41931.9 704.4 195321 51.8 7.7 190 151 418 214 7.7 96 68 263 134 7.7 14 9.6 54 25 510 1877 1439 8.72 ))
(( 44394.1 39000 41125.8 692.4 166321 46.5 ? ? ? 298 ? ? ? ? 223 ? ? ? ? 84 ? 560 1863 1402 12.47 ))
(( 39096 38510.1 41185.8 691.2 197101 44.2 7.8 107 84 317 134 7.7 97 67 223 76 7.6 4 2 20 12 530 1652 1256 10.14 ))
(( 44500 43910 41874 697 196431 43.5 7.7 200 154 437 255 7.6 83 66 266 119 7.7 25.4 19.4 47 22 540 1796 1370 7.94 ))
(( 43950 43365 41945 696 201531 41.9 7.6 224 175 345 215 7.6 110 84 279 140 7.6 93.2 69.6 93 32 520 1622 1231 3.85 ))
(( 43894.8 43318.8 41781.1 688.8 204821 44.1 7.7 173 137 419 216 7.6 92 69 290 109 7.6 24.4 13.6 56 30 580 1672 1278 7.99 ))
(( 43670.2 43106 40852.9 676.9 202301 39.3 7.7 220 176 523 277 7.6 91 69 262 137 7.7 13.6 10.4 56 25 630 1620 1249 9.31 ))
(( 50276.3 49695.8 42991.9 711 147001 45.8 7.7 187 124 347 188 7.6 86 63 211 90 7.5 10.4 8.8 28 27 770 1590 1218 9.72 ))
(( 43997.2 43425.2 41918.4 690.6 190631 38.3 ? ? ? 270 ? ? ? ? 223 ? ? ? ? 28 ? 690 1372 1043 9.18 ))
(( 39514.3 38937.4 39016.1 687.1 193911 44.1 7.7 432 336 662 235 7.7 69 52 214 93 7.7 14.4 10.8 28 20 760 1386 1062 7.52 ))
(( 43875.9 43304.8 38998.5 692.6 214361 47.4 7.9 182 149 414 200 7.8 79 62 273 85 7.8 17.2 14.5 53 37 510 1446 1104 8.7 ))
(( 43660 43045 42540 682 221671 34.1 7.7 177 141 406 170 7.6 74 55 230 76 7.6 13.2 10.4 30 18 580 1431 1097 9.29 ))
(( 44400 43822 42591 685 281921 46 7.7 169 135 508 182 7.7 91 69 307 86 7.7 21.2 16.8 76 32 540 1420 1102 7.75 ))
(( 45352.4 44772.4 43314.2 694.2 232821 34.1 7.6 185 156 612 193 7.6 89 70 292 124 7.6 131.2 102 150 84 540 1435 1120 2.64 ))
(( 43319 42748.2 42403.1 684.4 197531 46.5 7.7 201 157 465 176 7.7 89 70 323 160 7.7 18.8 14.4 123 34 480 1434 1129 8.59 ))
(( 42868.4 39000 43076.8 689.7 196431 44.5 ? ? ? 414 ? ? ? ? 254 ? ? ? ? 122 ? 370 1240 978 12.97 ))
(( 40805.1 39000 42489.6 681.1 157751 36.1 7.9 122 105 357 176 7.8 62 49 226 79 7.9 18.4 14 94 22 340 1244 998 7.6 ))
(( 42761.5 39000 41925.4 667.7 187151 37.6 7.8 203 164 659 202 7.8 110 90 301 165 8 19 12.6 81 34 480 1310 1037 8.06 ))
(( 45680 39000 42776 686 159891 23.8 7.7 296 196 500 165 7.7 115 81 235 104 7.7 27.2 21.2 65 33 390 1289 1020 7.25 ))
(( 42334 39000 39078.4 676.7 177061 27.7 7.7 248 196 513 307 7.7 115 74 279 157 7.8 110.4 86 150 79 490 1299 1024 3.15 ))
(( 41522.5 39000 40785.9 684.1 212971 41.1 7.3 655 593 1108 700 7.5 82 52 301 162 7.6 29 19 75 35 295 1046 830 6.15 ))
(( 43829.3 39000 42974.9 673.1 192791 48.6 7.7 190 142 355 193 7.7 118 86 282 133 7.7 16.4 12.4 38 21 310 1170 932 8.65 ))
(( 39064.1 38519.3 41702.4 653.4 226231 50.3 ? ? ? 475 ? ? ? ? 280 ? ? ? ? 34 ? 290 1165 919 12.81 ))
(( 35950.7 35409.2 42195.9 652.9 199171 45.9 7.7 155 130 382 151 7.2 81 57 203 98 7.2 13.2 10.8 34 19 250 846 684 7.5 ))
(( 42711.5 39000 43679.3 686.9 199211 40.7 7.7 590 194 442 ? 7.7 104 74 240 ? 7.8 21.7 13.7 58 ? 290 1265 1007 8.08 ))
(( 42131.8 39000 42432.3 667.1 188231 46.2 7.7 215 172 334 150 7.7 94 69 229 108 7.7 10.4 8 53 19 310 1341 1051 9.69 ))
(( 41473.9 39000 42987.3 665.6 205991 49.6 7.8 201 156 496 190 7.7 98 76 254 123 7.7 11.6 8 58 16 380 1403 1093 9.71 ))
(( 43400.9 39000 43825.1 678.7 174981 40.9 ? ? ? 248 ? ? ? ? 219 ? ? ? ? 40 ? 420 1437 1105 12.87 ))
(( 36850 36312 43122 670 190781 45 7.5 144 118 325 152 7.5 92 76 170 84 7.6 10.8 8 30 16 495 1230 950 8.94 ))
(( 37490 36956 43079 663 187051 47.8 ? ? ? ? ? ? ? ? 305 ? ? ? ? 78 ? 470 1560 1224 12.89 ))
(( 35960 35429 42990 666 175221 44.6 ? ? ? 471 ? ? ? ? 227 ? ? ? ? 61 ? 480 ? ? ? ))
(( 36342 35828.1 42253.2 647.1 219311 34.7 7.7 153 120 410 172 7.5 72 58 305 84 7.5 17.6 15.2 78 32 530 1328 1056 7.94 ))
(( 43368.8 39000 43440.3 670.3 263221 36.4 7.9 212 168 509 121 7.8 98 73 312 122 7.9 26.4 19.6 98 32 360 1460 1143 7.49 ))
(( 44122.4 43584.3 43147.7 668.2 251401 38.2 7.7 227 185 522 246 7.6 143 104 351 120 7.7 10.8 8.4 54 12 470 1715 1346 9.72 ))
(( 45527.4 44985.4 42805.7 673.8 235221 39.2 7.8 276 212 530 236 7.7 97 79 318 142 7.7 15.6 10.4 79 18 520 1815 1422 8.76 ))
(( 43100 42574 43124 667 226081 40.1 7.6 254 200 517 246 7.5 112 82 353 164 7.7 10 8.8 30 18 540 1902 1490 10.24 ))
(( 36060 35555 41682 654 186931 34.3 ? ? ? 588 ? ? ? ? 272 ? ? ? ? 45 ? 640 1930 1495 13.99 ))
(( 37144.6 36643.4 42864.9 699.7 209741 35.7 7.8 151 119 588 140 7.6 63 53 280 70 7.6 6.8 4 30 13 620 1706 1326 9.65 ))
(( 43200 42682 42477 663 237011 34.8 7.7 157 126 314 154 7.6 80 62 305 151 7.7 8 6.6 43 14 610 1872 1438 10.32 ))
(( 44331.8 43820.5 42588.6 843.8 233823 28.2 7.7 189 149 461 160 7.6 103 80 323 136 7.6 11.2 10 55 10 570 1872 1451 8.1 ))
(( 46578.3 46097.9 42502.4 878.9 198021 28.8 7.7 190 122 522 163 7.4 95 55 307 95 7.4 13.6 8.8 47 12 490 1840 1416 7.77 ))
(( 45692.7 45202.1 42707.4 881.9 239781 41.7 7.8 234 162 461 180 7.7 84 60 258 111 7.5 10 5.6 37 13 440 1863 1425 8.16 ))
(( 46788.9 46294.9 42599.6 671.3 226501 38.5 ? ? ? ? ? ? ? ? ? ? ? ? ? ? ? 420 1861 1433 12.57 ))
(( 42908 42416.6 42333 665.6 237771 38.2 ? ? ? 374 ? ? ? ? 232 ? ? ? ? 48 ? 340 ? ? ? ))
(( 38406.1 37934.9 41750.9 651.6 269081 37.9 7.8 93 84 336 146 7.8 52 46 200 90 7.7 8 5 48 20 350 1740 1342 10.88 ))
(( 48378.1 47913.5 41553.9 650 247471 29.4 7.7 266 188 516 197 7.6 80 54 217 97 7.5 16.6 12.6 35 22 220 2017 1556 9.41 ))
(( 45418.5 39000 41857.7 662.5 286081 29.2 7.8 137 109 397 134 7.7 87 64 314 94 7.4 8 6.8 37 14 210 2074 1576 11.43 ))
(( 44783.5 39000 41368.1 643.3 309651 42.3 7.7 187 146 457 215 7.6 80 53 320 132 7.6 11.6 6 46 16 200 2042 1545 10.37 ))
(( 45116.8 39000 37639.5 629.5 296751 41.5 7.8 194 159 535 248 7.7 84 60 240 131 7.7 12.8 7 46 16 190 2053 1562 10.47 ))
(( 48085.3 39000 36476.8 676.3 283371 23.1 7.7 175 158 567 208 7.6 158 123 356 186 7.4 22 15.2 64 22 150 1615 1226 7.19 ))
(( 42146.1 39000 35060.9 647 273071 20.7 ? ? ? 397 ? ? ? ? 295 ? ? ? ? 55 ? 160 1716 1319 12.62 ))
(( 41040 39000 34946.2 642.4 267831 15.7 7.6 410 319 618 294 7.5 82 62 240 100 7.3 16.4 12.4 65 23 160 1574 1240 8.01 ))
(( 34600.1 34289.1 27351 566 211461 20.5 7.7 359 252 630 251 7.6 163 101 338 132 7.5 26.2 23 68 30 150 1450 1131 8.23 ))
(( 39880.7 39000 35083.3 650.2 280891 35.4 ? ? ? 335 ? ? ? ? 271 ? ? ? ? 63 ? 170 1685 1289 12.17 ))
(( 41184 39000 35077.4 643.9 213600 43.9 7.7 142 87 208 107 7.6 67 43 190 164 7.4 12.8 10.4 45 21 175 1456 1134 10.02 ))
(( 44438.6 39000 35153.1 641.5 255590 33.1 7.9 152 115 367 181 7.7 99 68 245 120 7.4 10.4 8 38 26 170 1512 1164 9.99 ))
(( 45116.5 39000 35375.8 648.3 257670 41.9 7.8 176 138 364 170 7.7 103 76 254 145 7.4 12.8 9.2 44 40 170 1492 1151 9.88 ))
(( 41735.1 39000 35033.4 643.8 256340 27.8 ? ? ? 323 ? ? ? ? 218 ? ? ? ? 38 ? 180 1698 1305 13.7 ))
(( 38742.2 38742.2 34441.2 646.3 239900 31.4 7.8 161 136 380 123 7.7 70 53 200 79 7.5 9.6 6.4 57 18 160 1350 1042 10.04 ))
(( 45908.8 39000 34524.8 648.5 273490 37.9 7.7 177 137 514 231 7.7 64 49 219 107 7.7 21 13 52 34 160 1564 1208 8 ))
(( 47162.7 39000 34574.1 656.1 265170 37.1 7.7 212 153 504 202 7.6 107 82 281 114 7.4 10.8 8 38 23 160 1567 1204 10.11 ))
(( 40044.8 39000 33949.1 634.7 324470 17.7 7.8 187 145 414 182 7.7 79 59 254 98 7.7 10.8 8.4 37 19 170 1748 1355 10.08 ))
(( 48207.4 39000 34670.4 653.3 269350 20.7 7.6 172 126 382 133 7.5 98 65 251 92 7.3 14 8.4 56 32 150 1490 1151 8.66 ))
(( 50981.6 50981.6 35716.5 675.4 185450 12.2 7.6 188 124 292 146 7.5 95 55 134 71 7.3 8.4 6.4 40 22 140 1377 1060 9.13 ))
(( 45507.8 45507.8 33647.4 632.3 205240 39.2 ? ? ? 210 ? ? ? ? 137 ? ? ? ? 27 ? 150 1884 1436 13.7 ))
(( 40528.3 40528.3 33096.5 621.3 263990 11.7 8 110 94 292 ? 7.6 52 40 146 ? 7.5 16 11.6 36 ? 150 1420 1066 9.1 ))
(( 48548.6 48548.6 35990.7 674.7 290570 34.9 7.8 175 141 489 208 7.7 87 65 295 127 7.6 17.6 13 41 10 170 1512 1149 7.85 ))
(( 46627.6 46627.6 34455.5 647 276350 35.4 7.7 175 143 507 220 7.6 80 60 262 112 7.5 13.6 10.4 36 15 180 1632 1250 9.03 ))
(( 46677.9 46677.9 34119.5 638.8 285450 22 7.7 183 151 421 182 7.6 91 63 278 107 7.5 11.6 9.6 45 25 180 1546 1199 8.99 ))
(( 49276.2 49276.2 35365.3 660.7 268020 37.6 7.8 182 153 433 178 7.8 83 67 263 115 7.7 12 4.8 37 29 190 1618 1264 8.42 ))
(( 45820 45820 34841 654 302200 40.3 ? ? ? 470 ? ? ? ? 235 ? ? ? ? 37 ? 200 1718 1328 11.05 ))
(( 42378.6 42378.6 34947 655.2 287550 33.3 ? ? ? 517 ? ? ? ? 235 ? ? ? ? 37 ? 185 ? ? ? ))
(( 38252.5 38252.5 33940.7 633.8 292060 28.5 7.8 134 112 357 ? 7.8 75 57 207 ? 7.7 14.8 5.2 47 ? 180 1310 1022 8.58 ))
(( 46390 46390 41497 657 291800 38.1 7.8 200 162 405 184 7.4 95 78 273 127 7.6 16.4 12.2 46 10 210 1808 1396 9.18 ))
(( 47774.1 47774.1 42735.8 660.7 284500 24.6 7.8 231 187 466 240 7.7 116 95 317 136 7.4 12 9.2 46 14 240 1972 1512 9.58 ))
(( 46905.7 46905.7 43558.8 665.4 331490 32.3 7.6 209 168 456 198 7.5 105 78 261 123 7.5 19.2 16.8 37 23 240 1895 1468 8.53 ))
(( 46722.2 39000 42543.7 654.3 304910 41.4 7.5 164 135 438 200 7.5 82 65 261 117 7.3 5.6 4 46 13 230 1804 1402 11.51 ))
(( 45979.7 39000 41682.7 643.2 288460 43.1 7.5 178 144 439 223 7.5 96 75 331 132 7.3 9.6 4 59 24 230 1883 1464 11.77 ))
(( 42892.1 39000 43533.7 674.3 271660 32.9 ? ? ? 354 ? ? ? ? 242 ? ? ? ? 56 ? 270 2098 1614 12.78 ))
(( 35844 35844 40436.8 626.8 255410 30.4 7.5 153 121 382 156 7.5 73 57 270 107 7.4 11.2 10 84 11 270 1654 1286 9.99 ))
(( 45723.8 39000 43038.2 679.8 296240 42.3 7.5 298 242 650 263 7.4 72 59 301 102 7.5 10.5 7.2 45 19 270 1924 1496 10.78 ))
(( 44455.1 39000 42083.9 651.1 265110 44.6 7.6 268 214 727 330 7.5 99 76 340 157 7.4 6.4 2 48 17 290 2056 1602 12.76 ))
(( 39247.9 39000 38681.9 580.5 288820 49.3 7.6 369 284 694 250 7.6 89 67 275 127 7.7 4.8 4.4 47 6 340 2195 1714 15.97 ))
(( 44791 39000 42073.2 653.5 275630 44.3 7.6 255 200 624 381 7.6 119 94 278 165 7.7 5.6 3.2 20 11 250 1824 1428 11.15 ))
(( 48037.1 39000 42838.6 672.7 ? 40.3 7.6 233 181 470 ? 7.6 107 85 263 ? 7.6 6.8 6.4 28 ? 250 1927 1508 11.31 ))
(( 43109.7 39000 41945.6 660.3 256801 32.8 ? ? ? 451 ? ? ? ? 301 ? ? ? ? 75 ? 340 2038 1602 11.31 ))
(( 46587.7 39000 42033.2 667.4 195351 23.4 7.5 518 350 724 343 7.4 94 66 235 67 7.4 10 8.8 65 15 220 1720 1358 7.94 ))
(( 45021.9 39000 40847.1 641.1 262221 43 7.8 169 137 470 145 7.6 86 65 292 98 7.5 8.8 5 31 10 280 1912 1488 10.35 ))
(( 45359.5 39000 42025.7 663.8 275301 43.7 7.8 206 165 550 176 7.7 70 54 270 82 7.5 8.8 8 37 12 250 1908 1485 10.88 ))
(( 45947.7 39000 42089.7 658.4 263221 42.1 7.6 235 178 630 268 7.6 86 67 292 124 7.5 6 5.2 47 11 250 1872 1458 10 ))
(( 42804.1 39000 39241.2 600.7 292061 46.3 7.6 362 274 710 301 7.6 77 59 332 142 7.5 14.8 10.8 74 27 240 2097 1634 10.99 ))
(( 48032.7 39000 42664.4 674.2 273581 55.8 7.7 296 226 538 311 7.5 97 73 421 238 7.6 6.8 4.4 42 38 250 2127 1660 10.8 ))
(( 43884.8 39000 41964.4 660.6 250891 51.8 ? ? ? 576 ? ? ? ? 238 ? ? ? ? 36 ? 270 2630 2054 12.48 ))
(( 40601.6 39000 41304.8 655.9 246911 52 7.6 210 157 357 182 7.6 128 99 128 71 7.5 6 5.2 40 13 255 2272 1808 10.42 ))
(( 47449 46861 41938.5 659.2 287161 58.9 7.5 236 182 606 249 7.4 118 88 335 146 7.5 9.3 7.6 42 15 250 2328 1825 10.58 ))
(( 45834.5 45246.5 41497.5 653.6 294151 58.5 7.5 212 171 388 149 7.5 99 75 252 121 7.5 2.8 2 48 17 240 2563 1981 13.55 ))
(( 45605 44952.4 41766 811.7 303051 59.2 7.6 258 201 744 270 7.6 93 72 323 129 7.5 10 8.8 78 13 230 2508 1936 8.26 ))
(( 43002.1 42414.1 40560.5 812.5 289591 57.5 7.6 300 216 758 290 7.6 80 65 317 150 7.5 10.8 7.8 57 20 200 2382 1819 6.34 ))
(( 45751.2 45227.8 42220.3 860.6 266491 55.6 7.6 252 172 563 247 7.6 192 134 235 177 7.5 12 6 55 17 200 2470 1889 7.92 ))
(( 38760 38172 42010 844 228231 39.6 ? ? ? 684 ? ? ? ? 323 ? ? ? ? 123 ? 190 2696 2050 13.14 ))
(( 34284.4 33549.4 40954.7 831.1 261301 40.8 7.6 378 282 608 251 7.7 87 70 294 92 7.6 14.4 10.8 66 13 180 2248 1726 8 ))
(( 44319.4 43731.4 41484.2 840.6 291791 56.9 7.9 296 228 800 290 7.6 89 70 329 110 7.6 17.4 14 65 10 160 2296 1757 7.86 ))
(( 35589.3 35001.3 28343.8 413.7 273421 57.5 7.6 468 338 636 472 7.5 73 50 233 136 7.5 14.4 12 52 27 160 2206 1690 14.47 ))
(( 41180 40674.4 40676 821 279401 59.3 7.4 226 164 609 264 7.8 71 60 286 119 7.6 9.6 5.2 74 17 150 2132 1611 8.25 ))
(( 45493.9 44905.9 42146 864 294861 56.6 7.6 177 142 433 214 7.6 73 57 263 146 7.4 13.2 7.2 28 14 150 1969 1503 7.43 ))
(( 40331.1 39743.1 38798 742.2 254681 60.8 7.7 181 148 408 230 7.7 76 57 182 113 7.6 7.6 6.6 59 10 140 1900 1452 10.09 ))
(( 33334.3 32746.3 38301 740.4 270591 55.1 ? ? ? 233 ? ? ? ? 195 ? ? ? ? ? ? 185 2344 1788 16.48 ))
(( 34896.5 34308.5 41913.4 860 200441 49.3 ? ? ? 242 ? ? ? ? 121 ? ? ? ? 93 ? 160 ? ? ? ))
(( 32832 32097 41043.6 837 250261 50.1 7.6 246 200 568 182 7.4 92 78 345 60 7.5 3.6 2.6 20 4 120 1520 1168 9.14 ))
(( 41180.9 39000 42382.1 863 305251 55.4 7.6 208 166 590 ? 7.6 72 58 264 ? 7.6 3.2 2.2 53 ? 113 1411 1083 9.58 ))
(( 34690.9 34185.3 35969.8 722 253131 54.1 7.7 120 94 528 164 7.6 150 116 255 217 7.4 78 64 44 16 117 1481 1166 4.83 ))
(( 42008.3 39000 41616 860 309721 56.8 7.5 222 188 432 252 7.5 76 62 259 123 7.4 6.4 4.4 19 7 110 1445 1113 8.36 ))
(( 43825.1 39000 42039.1 869.6 266631 54.1 7.7 480 208 256 210 7.6 76 64 276 200 7.6 8.4 6.8 75 50 117 1567 1227 8.84 ))
(( 38350 37762 41385 859 284461 50.8 ? ? ? 229 ? ? ? ? 176 ? ? ? ? 62 ? 120 1878 1480 8.87 ))
(( 33789.7 33137.1 39348.3 815.9 258171 53.6 7.6 146 88 220 69 7.6 52 44 238 80 7.4 6.8 6 62 10 115 1532 1192 8.61 ))
(( 43639.9 39000 43602.2 901.7 306161 61.1 7.5 226 184 378 ? 7.5 104 78 264 ? 7.5 14 11 79 ? 113 1418 1114 7.12 ))
(( 39783.7 39000 41429.3 850.1 282991 63.4 7.6 192 140 378 ? 7.6 80 66 273 ? 7.4 9.6 6.4 9 ? 127 1484 1165 8.29 ))
(( 41666 39000 41876.8 864 271451 63.8 7.6 224 190 361 238 7.6 94 74 229 133 7.5 9.2 7.2 26 17 147 1577 1251 9.1 ))
(( 44186.1 39000 42397.6 888.7 252291 60.6 7.7 212 162 387 300 7.6 104 82 290 215 7.7 5.6 5.2 44 19 131 1503 1248 7.77 ))
(( 40023.4 39000 40784.1 847.7 274341 66.4 7.7 254 192 563 271 7.7 88 56 538 211 7.7 7.2 4.4 71 23 133 1629 1269 9.2 ))
(( 36337.7 35753.7 41220.7 865 258721 54.9 ? ? ? 282 ? ? ? ? 150 ? ? ? ? 18 ? 135 1826 1406 10.92 ))
(( 33241.7 32626.2 40622.7 849.7 233481 54.8 7.8 160 130 370 240 7.7 66 48 150 60 7.7 4.4 3.6 9 2 145 1280 1082 8.45 ))
(( 42517.2 39000 41376.8 868.3 223291 62.3 7.6 164 136 343 ? 7.6 88 70 290 274 7.7 7.6 7.2 85 36 140 1471 1265 9.66 ))
(( 42213.4 39000 41328.5 869 233161 54.8 7.7 134 108 326 112 7.6 96 70 246 ? 7.7 9.6 8 35 17 77 754 611 6.39 ))
(( 43992.3 43362.7 41641.2 882.2 243091 61.2 7.7 196 142 352 127 7.6 88 68 264 98 7.7 7.2 6.2 26 16 157 1614 1259 7.94 ))
(( 41072.5 40449.7 40034.8 856.6 272621 65.6 7.7 208 166 595 258 7.8 78 60 173 105 7.7 9.6 7.6 67 17 160 1471 1138 8.13 ))
(( 42267.9 41652.1 42695.2 860.9 258141 52.6 7.8 182 148 345 220 7.7 76 60 237 99 7.8 8.4 6 10 5 170 1527 1179 8.88 ))
(( 35320 34732 41032 872 258281 66.1 ? ? ? 336 ? ? ? ? 336 ? ? ? ? 29 ? 185 1644 1256 9.2 ))
(( 31947 31324.7 40498.3 858.3 226081 54.1 7.6 140 100 355 148 7.6 52 36 259 171 7.4 3.2 2 67 10 200 1492 1162 10.44 ))
(( 40597.7 39992.9 41846.4 882.5 253611 58.7 7.6 176 140 422 ? 7.5 74 66 273 123 7.7 11 8.2 59 19 187 1473 1137 8.67 ))
(( 39399.6 38817.6 40977.2 866 251311 62.3 7.6 284 204 326 187 7.6 92 66 255 88 7.5 7.2 6 35 6 200 1377 1053 7.92 ))
(( 39940 39352 41016 870 224321 62.7 7.6 160 132 158 ? 7.5 84 64 220 110 7.5 8.8 7.6 18 11 260 1457 1110 8.24 ))
(( 42823.4 42240.7 41922.5 889 235661 63.6 7.7 222 156 317 145 7.6 78 56 255 110 7.5 20 16 26 11 246 1263 970 6.33 ))
(( 41661.9 41006.6 41647.4 718.9 198721 60 7.7 154 124 307 149 7.7 96 78 211 91 7.8 25.2 18.8 26 21 257 1325 1007 6.95 ))
(( 35569.5 34987.5 41598.7 664.1 191771 55.4 ? ? ? 695 ? ? ? ? 326 ? ? ? ? 26 ? 300 1324 1017 12.2 ))
(( 33145.1 32555 41890.5 659.3 162561 52.8 7.3 180 150 255 103 7.5 66 48 167 56 7.5 20.4 10 35 16 290 1344 1044 9.03 ))
(( 36752.1 36078 41347.3 774.1 208401 66.1 7.6 176 138 374 231 7.6 88 68 269 124 7.9 13.2 10.2 45 16 253 1295 1006 8.87 ))
(( 41109.5 39000 42974.3 886.2 170931 60.9 7.6 188 154 422 ? 7.5 66 55 288 ? 7.8 16 9.2 19 ? 303 1280 1010 7.08 ))
(( 35870 35282 41196 845 171051 61.5 ? ? ? 633 ? ? ? ? 356 ? ? ? ? 118 ? 360 1209 952 10.09 ))
(( 32528.7 31865.1 42486.8 867.6 176101 56.7 7.6 163 125 425 186 7.6 71 57 257 75 7.8 31.2 18.8 69 44 370 1126 884 5.84 ))
(( 40320 39000 44918.9 762 166101 53 7.8 264 182 864 377 7.8 107 79 326 167 7.8 89.2 65.2 163 35 320 1152 810 3.32 ))
(( 34465.6 33849.3 41936.6 668.5 158441 56.5 ? ? ? 374 ? ? ? ? 182 ? ? ? ? 134 ? 350 1168 920 13.64 ))
(( 31244.8 30623.9 42294.3 659.3 143331 55.5 7.7 109 81 355 172 7.6 59 46 269 69 7.7 6 5.2 48 21 380 1146 916 10.1 ))
(( 41037.4 39000 41818.4 659 166541 62.6 7.7 198 153 523 216 7.7 100 66 361 218 7.9 10.5 7.4 114 35 230 1325 1028 9.94 ))
(( 41930 39000 43347 688 176471 63.1 7.7 127 120 460 369 7.7 110 70 288 117 7.8 8 4 96 12 180 1421 1116 10.2 ))
(( 40710 39000 42827 679 163701 63.3 7.3 526 388 900 532 7.6 82 59 275 146 7.7 11.6 8.8 47 16 180 1554 1209 10.16 ))
(( 41830 39000 42836 680 169521 56.8 7.6 165 133 433 190 7.6 79 61 254 105 7.8 14.4 12 103 14 190 1484 1158 9.59 ))
(( 40883.2 39000 41179.7 654.6 146161 55.2 7.7 205 165 393 266 7.7 87 64 210 127 7.8 10 6.8 46 38 190 1520 1189 10.65 ))
(( 35739.1 35125.6 42845.2 674.1 152731 48.3 ? ? ? 294 ? ? ? ? 237 ? ? ? ? 76 ? 195 1718 1336 12.76 ))
(( 31990.9 31394.2 42462.2 682.1 149331 48.7 7.6 135 105 304 105 7.5 54 42 171 67 7.7 5.2 4.4 28 4 210 1518 1176 9.52 ))
(( 38515.1 37935.1 43019.5 682.5 171661 56.8 7.7 192 153 432 237 7.6 79 56 297 117 7.9 8.8 6.6 60 21 190 1562 1203 10.25 ))
(( 37898.4 37248.1 42806.4 683.6 168751 56.2 7.6 153 111 480 220 7.5 84 65 307 127 7.8 9.6 7.2 115 18 190 1682 1295 10.1 ))
(( 36237.5 35643.3 39580.3 635.6 160541 56.7 7.6 242 177 542 216 7.6 89 66 380 105 7.7 15.6 12 152 42 190 1779 1370 11.23 ))
(( 36824.3 36158.5 43559.5 693.2 184301 55 7.6 147 114 345 244 7.5 76 59 289 100 7.6 6 4.8 56 18 200 1765 1351 11.78 ))
(( 39032.5 38461.4 43770.4 693.5 187801 52.8 7.6 148 114 383 167 7.6 93 62 248 101 7.7 15.6 11.6 42 35 170 1814 1384 10.43 ))
(( 34590.2 33998.1 43124.5 682.7 215661 48.4 ? ? ? 366 ? ? ? ? 245 ? ? ? ? 27 ? 160 1992 1504 12.46 ))
(( 31979.2 31324.7 42566.8 672.4 201281 49.6 ? 95 79 245 ? ? 48 38 192 ? ? 8 6 64 ? 140 1262 956 10.97 ))
(( 35565.8 34972 42774.9 662.4 225171 54.8 7.7 162 124 500 277 7.6 90 69 286 205 7.9 8 6.8 58 17 120 1551 1180 11.95 ))
(( 35547.2 34962 43049.7 668.7 212991 55.7 7.6 163 130 480 173 7.6 96 75 273 185 7.6 18.4 12.7 37 16 120 1642 1246 9.24 ))
(( 37111.2 36444.5 43779.4 681.4 176221 52.8 ? ? ? 462 ? ? ? ? 271 ? ? ? ? 54 ? 140 1812 1377 11.92 ))
(( 30592.2 29936.8 43298.1 670.5 179861 49.3 7.6 100 82 290 129 7.7 59 42 190 72 8 6.8 5.2 36 7 140 1608 1086 11 ))
(( 36215.2 35637.6 44053 689.7 169681 47.7 7.7 198 164 406 215 7.7 104 76 295 126 7.9 14 1.6 64 20 140 1682 1226 10.7 ))
(( 32921.4 32273.3 43524.7 679.3 167181 47.9 ? ? ? 434 ? ? ? ? 184 ? ? ? ? 37 ? 140 1926 1462 15.44 ))
(( 30695 30143.4 42730 675.4 152701 48.9 7.6 190 142 387 142 7.5 50 41 129 56 7.6 12.4 6.8 20 12 130 1512 1152 9.71 ))
(( 36000 35416.1 43516.8 676.3 199481 55.2 7.6 204 159 498 247 7.5 87 65 267 118 7.8 15.6 12.1 46 29 120 1556 1178 9.68 ))
(( 35876.3 35230.4 42616.1 675 192781 55.9 7.8 224 183 416 188 7.7 92 66 271 100 7.8 12.8 6 36 12 120 1716 1320 10.43 ))
(( 36455.8 35846.7 42164 664.1 179821 52.5 7.7 297 226 592 227 7.7 107 77 242 155 7.7 19.2 16.4 36 18 120 1667 1296 8.96 ))
(( 34540.5 33968.4 42199.8 667.5 186331 56.5 7.7 173 131 365 216 7.6 72 54 279 96 7.7 13.2 10.4 48 18 140 1658 1280 9.16 ))
(( 38396.3 37734.8 44150.6 700.9 182001 51.9 7.8 158 132 306 275 7.7 71 49 261 155 7.9 18.4 13.2 54 20 150 1763 1362 9.09 ))
(( 33070 32399.6 42983 682 179751 47.7 ? ? ? 161 ? ? ? ? 143 ? ? ? ? 20 ? 175 1994 1550 12.76 ))
(( 29920 29397.3 41179.6 659.6 173021 49.6 7.6 96 75 278 90 7.6 76 61 143 72 7.6 24.4 18 53 17 160 1658 1282 9.45 ))
(( 36130.9 35473.7 40620.1 654.5 175331 54.7 7.8 253 189 422 ? 7.8 92 71 260 ? 7.8 22.9 17.8 57 ? 130 1592 1215 8.92 ))
(( 37410 36822 42363 674 203331 55.3 7.7 188 148 377 225 7.6 104 66 278 116 7.8 14.8 14.4 45 18 150 1764 1334 9 ))
(( 36257.7 35663.5 42686.7 681.1 201531 54.8 7.8 157 131 429 194 7.6 112 83 310 70 7.8 18.8 15.2 45 18 200 1760 1341 10.02 ))
(( 34479.2 33819.7 42125.8 673 199191 57.7 7.6 191 151 420 208 7.6 112 85 302 140 7.8 16 12.4 45 17 230 1877 1428 10.17 ))
(( 43652.4 39000 42754.2 891.6 154991 52.4 7.8 256 159 425 183 7.7 97 72 271 100 7.8 11.2 8.4 54 15 160 1931 1474 8.4 ))
(( 35320 34732 42008 887 160491 48.9 ? ? ? 380 ? ? ? ? 217 ? ? ? ? 27 ? 190 2208 1660 10.71 ))
(( 31887 31887 41071.5 866.7 167431 51.6 7.7 92 76 263 114 7.7 57 48 217 155 7.7 4.8 3.6 27 14 160 1450 1162 8.17 ))
(( 42865.4 39000 42985 897.5 170861 56.2 7.9 160 116 329 154 7.8 87 61 228 112 7.9 12.2 9.3 45 16 150 1766 1348 8.32 ))
(( 40595.2 39000 41381.6 868.9 173111 55.5 7.9 194 158 385 188 7.7 101 77 251 104 7.9 10.4 8.8 35 7 150 1708 1289 8.22 ))
(( 42626 39000 42777.1 891.2 195581 57.3 7.8 145 116 658 194 7.7 136 70 283 135 8 11.2 10.8 36 13 160 1641 1245 8.54 ))
(( 35735.9 35735.9 36042.9 755.4 166521 54.9 7.6 396 309 574 368 7.7 104 84 305 118 7.8 16.4 12 35 20 190 1544 1189 9.02 ))
(( 43903.3 39000 44317.4 927.6 186331 54.8 7.7 302 230 555 318 7.7 114 87 290 155 7.8 18 14.4 70 16 210 1483 1140 7.77 ))
(( 35265.1 35265.1 41998.3 871 185341 51.6 ? ? ? 489 ? ? ? ? 257 ? ? ? ? 124 ? 250 1616 1246 10.47 ))
(( 32551.3 32551.3 43163.3 891.5 175521 50 7.7 286 219 515 285 7.7 75 59 231 95 7.9 20.4 15.6 35 21 240 1024 802 5.38 ))
(( 38721.1 38721.1 43313.2 893.8 191481 56.2 7.7 298 243 646 382 7.7 135 105 340 178 7.9 45.6 33.4 69 23 260 1360 1047 5.43 ))
(( 40023.2 40023.2 43740.8 889.3 194421 49.5 ? ? ? 933 ? ? ? ? 340 ? ? ? ? 105 ? 320 1338 1041 10.21 ))
(( 35928.6 35928.6 44132 898.4 186371 57.1 7.7 204 164 488 218 7.7 77 62 253 122 7.8 75.2 56.8 148 22 385 1128 906 3.61 ))
(( 40045.7 40045.7 43509.7 872 138801 45.7 7.6 251 187 475 261 7.5 96 65 283 139 7.5 174.8 134.8 155 76 330 1071 840 1.78 ))
(( 41181.8 41181.8 44269.1 890.2 164001 49.6 7.6 191 154 480 ? 7.6 106 74 284 ? 7.8 75 54 46 ? 250 928 737 2.94 ))
(( 36010.1 36010.1 43640.1 868 171901 50.7 ? ? ? 265 ? ? ? ? 283 ? ? ? ? 82 ? 255 1032 836 13.65 ))
(( 34077 34077 43512.1 869.4 182291 51.5 7.5 238 186 658 226 7.5 67 48 237 104 7.7 60 47 82 29 250 838 696 3.53 ))
(( 43370 43370 44037 876 192871 51.7 7.6 311 237 579 289 7.7 121 85 290 167 7.7 57 44 45 28 230 934 762 3.48 ))
(( 44808.8 44808.8 43607.2 873.9 150441 53.4 7.4 294 199 565 169 7.4 152 97 279 143 7.9 26.4 20 89 16 260 998 797 5.4 ))
(( 43573.9 43573.9 42979.7 852.9 160531 51.3 7.6 212 159 337 220 7.6 108 74 275 138 7.6 19.2 12 62 13 360 1126 899 7.06 ))
(( 44811.2 44811.2 43969.3 891.2 158041 52.8 7.6 252 161 400 228 7.6 103 66 231 132 7.7 28 20 44 30 390 1085 856 5.48 ))
(( 43242 43242 44765.1 736.8 166581 50.7 7.7 150 109 385 237 7.6 123 78 296 160 7.5 19.2 12 63 35 720 1247 963 7.83 ))
(( 44333.9 44333.9 43847.2 674.3 236351 49.6 ? ? ? 302 ? ? ? ? 275 ? ? ? ? 53 ? 560 1414 1076 13.31 ))
(( 37749.6 37749.6 42689.7 659.5 187681 52.5 7.6 129 106 293 120 7.6 53 36 124 55 7.7 13.6 10.8 44 7 190 1376 1058 7.77 ))
(( 38206.1 38206.1 41321.7 638.1 258111 53.4 7.7 160 130 426 213 7.8 95 74 293 154 7.8 14.6 10 41 13 180 1570 1210 10.28 ))
(( 41186.1 39000 44826.8 696 241391 54.8 7.6 144 114 378 ? 7.6 109 76 378 ? 7.6 ? ? 53 ? 200 1722 1308 13.02 ))
(( 42428 39000 41745.2 653.2 220701 56.6 7.7 200 141 391 172 7.8 119 82 284 121 7.8 15.2 10 35 10 240 1775 1364 9.92 ))
(( 39427.6 39000 42711.2 677.4 224041 56.4 7.7 153 121 407 200 7.6 106 79 280 130 7.8 10.4 8.4 81 10 230 1965 1496 10.46 ))
(( 37440 37440 42733.8 855 136371 49.1 7.6 149 122 422 200 7.6 91 63 336 169 7.7 18.8 14.8 57 23 200 1934 1470 8.24 ))
(( 35110 35110 41863 858 235201 53.4 ? ? ? 290 ? ? ? ? 300 ? ? ? ? 63 ? 220 1822 1404 8.63 ))
(( 31504.4 31504.4 41119 851.7 226211 54.5 7.6 159 133 271 180 7.6 71 55 217 106 7.8 8.4 6.8 45 5 230 1582 1226 8.27 ))
(( 43412.2 39000 43898.8 904.4 249601 8.6 7.7 227 187 493 300 7.7 112 92 323 180 7.9 13.7 10 30 15 190 1726 1331 7.11 ))